1 -2.94 0.12
1 -2.82 0.12
1 -2.7 0.12
1 -2.58 0.12
1 -2.46 0.12
1 -2.34 0.12
1 -2.22 0.12
1 -2.1 0.12
1 -1.98 0.12
1 -1.86 0.12
1 -1.74 0.12
1 -1.62 0.12
1 -1.5 0.12
1 -1.38 0.12
1 -1.26 0.12
1 -1.14 0.12
1 -1.02 0.12
1 -0.9 0.12
1 -0.78 0.12
0.986474 -0.66 0.12
0.975898 -0.54 0.12
0.962742 -0.42 0.12
0.946045 -0.3 0.12
0.905565 -0.18 0.12
0.846662 -0.06 0.12
0.743709 0.06 0.12
0.600765 0.18 0.12
0.425023 0.3 0.12
0.253926 0.42 0.12
0.12868 0.54 0.12
0.0580306 0.66 0.12
0.0248332 0.78 0.12
0.0103481 0.9 0.12
0.00437517 1.02 0.12
0.00176615 1.14 0.12
0.000687541 1.26 0.12
0.000234317 1.38 0.12
7.6608e-05 1.5 0.12
2.62103e-05 1.62 0.12
1.08683e-05 1.74 0.12
1.25951e-05 1.86 0.12
5.12226e-06 1.98 0.12



