-3.985999999999999943e+01 0.000000000000000000e+00
-3.957999999999999829e+01 0.000000000000000000e+00
-3.929999999999999716e+01 0.000000000000000000e+00
-3.901999999999999602e+01 0.000000000000000000e+00
-3.874000000000000199e+01 3.682510853740427719e-08
-3.846000000000000085e+01 7.365021707480855437e-08
-3.817999999999999972e+01 1.104753256122128249e-07
-3.789999999999999858e+01 1.104753256122128249e-07
-3.761999999999999744e+01 1.104753256122128249e-07
-3.734000000000000341e+01 1.841255426870213793e-07
-3.706000000000000227e+01 1.841255426870213793e-07
-3.678000000000000114e+01 2.209506512244256499e-07
-3.650000000000000000e+01 3.314259768366384881e-07
-3.621999999999999886e+01 4.050761939114470292e-07
-3.593999999999999773e+01 4.050761939114470292e-07
-3.565999999999999659e+01 5.155515195236598938e-07
-3.537999999999999545e+01 8.101523878228940584e-07
-3.510000000000000142e+01 1.104753256122128223e-06
-3.482000000000000028e+01 1.657129884183192440e-06
-3.453999999999999915e+01 2.172681403706852334e-06
-3.425999999999999801e+01 3.240609551291576234e-06
-3.398000000000000398e+01 4.419013024488512892e-06
-3.370000000000000284e+01 5.965667583059492362e-06
-3.342000000000000171e+01 8.101523878228940160e-06
-3.314000000000000057e+01 1.064245636730983531e-05
-3.285999999999999943e+01 1.340433950761515597e-05
-3.257999999999999829e+01 1.723415079550520053e-05
-3.229999999999999716e+01 2.135856295169448138e-05
-3.201999999999999602e+01 2.765565651159061032e-05
-3.174000000000000199e+01 3.527845397883329576e-05
-3.146000000000000085e+01 4.507393284978283268e-05
-3.117999999999999972e+01 5.564273900001785722e-05
-3.089999999999999858e+01 6.897342829055820243e-05
-3.061999999999999744e+01 8.539742669824051165e-05
-3.033999999999999631e+01 1.059826623706495020e-04
-3.005999999999999872e+01 1.261996469576844623e-04
-2.978000000000000114e+01 1.538921285778124695e-04
-2.950000000000000000e+01 1.873293271297755470e-04
-2.921999999999999886e+01 2.262902919623492658e-04
-2.893999999999999773e+01 2.721007269828801993e-04
-2.865999999999999659e+01 3.284063179365713297e-04
-2.837999999999999901e+01 3.961276925368578000e-04
-2.810000000000000142e+01 4.712140888446250892e-04
-2.782000000000000028e+01 5.611410038929663798e-04
-2.753999999999999915e+01 6.667185900697044244e-04
-2.725999999999999801e+01 7.866947936845675041e-04
-2.697999999999999687e+01 9.241629238546976780e-04
-2.669999999999999574e+01 1.083431518278971106e-03
-2.642000000000000171e+01 1.263800899895177292e-03
-2.614000000000000057e+01 1.477791605606033638e-03
-2.585999999999999943e+01 1.721021447495588858e-03
-2.557999999999999829e+01 1.998204039456630624e-03
-2.529999999999999716e+01 2.304183866293922894e-03
-2.501999999999999602e+01 2.650339886545523011e-03
-2.473999999999999844e+01 3.039249857809049864e-03
-2.446000000000000085e+01 3.470435053673516165e-03
-2.417999999999999972e+01 3.943527223053549212e-03
-2.389999999999999858e+01 4.467401217106662693e-03
-2.361999999999999744e+01 5.043677340608501355e-03
-2.333999999999999631e+01 5.673276221272502591e-03
-2.305999999999999872e+01 6.354724854757168653e-03
-2.277999999999999758e+01 7.096787616894402115e-03
-2.250000000000000000e+01 7.916698658479708051e-03
-2.221999999999999886e+01 8.792731165476018115e-03
-2.193999999999999773e+01 9.749521135494857230e-03
-2.165999999999999659e+01 1.077764134075064745e-02
-2.137999999999999901e+01 1.187480862451406952e-02
-2.109999999999999787e+01 1.306002474279042633e-02
-2.082000000000000028e+01 1.431889107814159068e-02
-2.053999999999999915e+01 1.567258206797657316e-02
-2.025999999999999801e+01 1.711984565860509913e-02
-1.997999999999999687e+01 1.869135716543882456e-02
-1.969999999999999574e+01 2.036248059086623319e-02
-1.941999999999999815e+01 2.215976683814278522e-02
-1.913999999999999702e+01 2.408722984409906315e-02
-1.885999999999999943e+01 2.614148169874962180e-02
-1.857999999999999829e+01 2.835375009413418357e-02
-1.829999999999999716e+01 3.071442367692448633e-02
-1.801999999999999602e+01 3.325590854263343887e-02
-1.773999999999999844e+01 3.599083570348938360e-02
-1.745999999999999730e+01 3.891287124082387638e-02
-1.717999999999999972e+01 4.205176984233514187e-02
-1.689999999999999858e+01 4.542237202676375346e-02
-1.661999999999999744e+01 4.905450613202501364e-02
-1.633999999999999631e+01 5.292644534408184886e-02
-1.605999999999999872e+01 5.712693817450940209e-02
-1.577999999999999758e+01 6.163510478676697407e-02
-1.549999999999999822e+01 6.646711140350247682e-02
-1.521999999999999886e+01 7.170353136219574652e-02
-1.493999999999999773e+01 7.736874288469855476e-02
-1.465999999999999659e+01 8.352921529192092187e-02
-1.437999999999999723e+01 9.016395827199651103e-02
-1.409999999999999787e+01 9.736499777116031096e-02
-1.381999999999999673e+01 1.051778496235645372e-01
-1.353999999999999737e+01 1.136423217715381295e-01
-1.325999999999999801e+01 1.228085331878005088e-01
-1.297999999999999687e+01 1.327426585923933700e-01
-1.269999999999999751e+01 1.434739739466039665e-01
-1.241999999999999815e+01 1.550626514777823928e-01
-1.213999999999999702e+01 1.675762652600948088e-01
-1.185999999999999766e+01 1.809903265963638541e-01
-1.157999999999999829e+01 1.953037307333333750e-01
-1.129999999999999716e+01 2.104743497468365976e-01
-1.101999999999999602e+01 2.266337229245690976e-01
-1.073999999999999666e+01 2.436844846795580277e-01
-1.045999999999999730e+01 2.615034550237457234e-01
-1.017999999999999616e+01 2.801369599436723257e-01
-9.899999999999996803e+00 2.995286938483840422e-01
-9.619999999999997442e+00 3.196536524891839814e-01
-9.339999999999996305e+00 3.403352226455268470e-01
-9.059999999999996945e+00 3.615672176991782671e-01
-8.779999999999997584e+00 3.831886751007212988e-01
-8.499999999999996447e+00 4.051483711241803398e-01
-8.219999999999997087e+00 4.273828192824369876e-01
-7.939999999999997726e+00 4.498082792786771145e-01
-7.659999999999996589e+00 4.722721110380132536e-01
-7.379999999999995453e+00 4.947886763527749587e-01
-7.099999999999994316e+00 5.172369310911997253e-01
-6.819999999999996732e+00 5.396018506090044520e-01
-6.539999999999999147e+00 5.617488023093761829e-01
-6.259999999999998010e+00 5.836776020667724385e-01
-5.979999999999996874e+00 6.052729136412537958e-01
-5.699999999999995737e+00 6.265519711836160521e-01
-5.419999999999994600e+00 6.474032314400992583e-01
-5.139999999999997016e+00 6.677257199630938223e-01
-4.859999999999999432e+00 6.875708077790095851e-01
-4.579999999999998295e+00 7.068385883683844240e-01
-4.299999999999997158e+00 7.255507885452553429e-01
-4.019999999999996021e+00 7.436073176646178506e-01
-3.739999999999994884e+00 7.609200164166334268e-01
-3.459999999999993747e+00 7.775276248154832093e-01
-3.179999999999996163e+00 7.934134610869998383e-01
-2.899999999999998579e+00 8.084968045932694469e-01
-2.619999999999997442e+00 8.228637524380523205e-01
-2.339999999999996305e+00 8.363706498729441829e-01
-2.059999999999995168e+00 8.491491834860747101e-01
-1.779999999999994031e+00 8.610780145448131417e-01
-1.499999999999996447e+00 8.722120492859887220e-01
-1.219999999999998863e+00 8.826088821793540706e-01
-9.399999999999977263e-01 8.922158533197006580e-01
-6.599999999999965894e-01 9.011400132975466715e-01
-3.799999999999954525e-01 9.093417751212145017e-01
-9.999999999999431566e-02 9.168947521826702474e-01
1.800000000000068212e-01 9.237656914089047433e-01
4.600000000000044054e-01 9.300511482345030778e-01
7.400000000000019895e-01 9.357871744407232351e-01
1.020000000000003126e+00 9.410053291455819924e-01
1.300000000000004263e+00 9.457833501532016962e-01
1.580000000000005400e+00 9.501247726740018607e-01
1.860000000000006537e+00 9.540476041860573853e-01
2.140000000000004121e+00 9.576225120726514772e-01
2.420000000000001705e+00 9.608536575710490135e-01
2.700000000000002842e+00 9.638407630751690824e-01
2.980000000000003979e+00 9.665296220252447279e-01
3.260000000000005116e+00 9.689988192028947678e-01
3.540000000000006253e+00 9.712482073076850186e-01
3.820000000000003837e+00 9.733265427833189820e-01
4.100000000000001421e+00 9.752474140948471648e-01
4.380000000000002558e+00 9.770057393772910714e-01
4.660000000000003695e+00 9.786259336776113038e-01
4.940000000000004832e+00 9.801260412989909465e-01
5.220000000000005969e+00 9.815126171107498854e-01
5.500000000000007105e+00 9.827979238740308654e-01
5.780000000000004690e+00 9.839983855872417307e-01
6.060000000000002274e+00 9.851098778382262333e-01
6.340000000000003411e+00 9.861588410549141370e-01
6.620000000000004547e+00 9.871285198129210459e-01
6.900000000000005684e+00 9.880414879037804354e-01
7.180000000000006821e+00 9.888956094711969236e-01
7.460000000000004405e+00 9.896945302009159118e-01
7.740000000000001990e+00 9.904309587214469301e-01
8.020000000000003126e+00 9.911319983126735123e-01
8.300000000000004263e+00 9.917935245624394103e-01
8.580000000000005400e+00 9.924073254715408687e-01
8.860000000000006537e+00 9.929855901509038185e-01
9.140000000000004121e+00 9.935138095077642451e-01
9.420000000000001705e+00 9.940193814228742708e-01
9.700000000000002842e+00 9.944901536104164830e-01
9.980000000000003979e+00 9.949302873076555365e-01
1.026000000000000512e+01 9.953313863898449743e-01
1.054000000000000625e+01 9.957085491514851006e-01
1.082000000000000739e+01 9.960533794678293473e-01
1.110000000000000497e+01 9.963825222879366672e-01
1.138000000000000256e+01 9.966916690741081108e-01
1.166000000000000369e+01 9.969720186254034111e-01
1.194000000000000483e+01 9.972332927704762318e-01
1.222000000000000597e+01 9.974784006929012792e-01
1.250000000000000711e+01 9.976964421605512001e-01
1.278000000000000469e+01 9.979005269120655441e-01
1.306000000000000227e+01 9.980870092616989098e-01
1.334000000000000341e+01 9.982566625367307322e-01
1.362000000000000455e+01 9.984121381449756472e-01
1.390000000000000568e+01 9.985613534847692652e-01
1.418000000000000682e+01 9.986979378123345130e-01
1.446000000000000796e+01 9.988212282757177318e-01
1.474000000000000554e+01 9.989335448567567832e-01
1.502000000000000313e+01 9.990357345329480276e-01
1.530000000000000426e+01 9.991287915822221199e-01
1.558000000000000540e+01 9.992161407396727979e-01
1.586000000000000654e+01 9.992917426875000952e-01
1.614000000000000767e+01 9.993622627703492300e-01
1.642000000000000526e+01 9.994252337059481572e-01
1.670000000000000284e+01 9.994815392969018664e-01
1.698000000000000398e+01 9.995323947717920099e-01
1.726000000000000512e+01 9.995799359869138589e-01
1.754000000000000625e+01 9.996220639110806605e-01
1.782000000000000739e+01 9.996625347053632593e-01
1.810000000000000853e+01 9.996955668277213158e-01
1.838000000000000611e+01 9.997258738920475896e-01
1.866000000000000369e+01 9.997527562212799035e-01
1.894000000000000483e+01 9.997766557167206969e-01
1.922000000000000597e+01 9.997988244320601403e-01
1.950000000000000711e+01 9.998194833179496754e-01
1.978000000000000824e+01 9.998366069934195854e-01
2.006000000000000583e+01 9.998543566957345252e-01
2.034000000000000341e+01 9.998694918153434585e-01
2.062000000000000455e+01 9.998819018769204980e-01
2.090000000000000568e+01 9.998937963869781731e-01
2.118000000000000682e+01 9.999032604398722102e-01
2.146000000000000796e+01 9.999119511654870340e-01
2.174000000000000554e+01 9.999215993439238837e-01
2.202000000000000313e+01 9.999299954686703407e-01
2.230000000000000426e+01 9.999364030375559320e-01
2.258000000000000540e+01 9.999424055302474912e-01
2.286000000000000654e+01 9.999479292965280930e-01
2.314000000000000767e+01 9.999529006861807012e-01
2.342000000000000881e+01 9.999567673225771003e-01
2.370000000000000639e+01 9.999607444342991647e-01
2.398000000000000398e+01 9.999642059945016426e-01
2.426000000000000512e+01 9.999670783529676088e-01
2.454000000000000625e+01 9.999697297607822444e-01
2.482000000000000739e+01 9.999716814915347030e-01
2.510000000000000853e+01 9.999740014733725646e-01
2.538000000000000966e+01 9.999758795539079870e-01
2.566000000000001080e+01 9.999779417599861109e-01
2.594000000000001194e+01 9.999798934907385695e-01
2.622000000000000597e+01 9.999810350691031857e-01
2.650000000000000000e+01 9.999822134725764311e-01
2.678000000000000114e+01 9.999833550509410474e-01
2.706000000000000227e+01 9.999842388535460369e-01
2.734000000000000341e+01 9.999851594812594335e-01
2.762000000000000455e+01 9.999858959834301286e-01
2.790000000000000568e+01 9.999866693107094529e-01
2.818000000000000682e+01 9.999871848622289283e-01
2.846000000000000796e+01 9.999878477141826982e-01
2.874000000000000909e+01 9.999882527903766194e-01
2.902000000000001023e+01 9.999889524674387964e-01
2.930000000000001137e+01 9.999892470683070522e-01
2.958000000000001251e+01 9.999897626198266387e-01
2.986000000000000654e+01 9.999900572206948945e-01
3.014000000000000057e+01 9.999903149964546323e-01
3.042000000000000171e+01 9.999906464224315172e-01
3.070000000000000284e+01 9.999907937228657007e-01
3.098000000000000398e+01 9.999909041981912550e-01
3.126000000000000512e+01 9.999911251488424746e-01
3.154000000000000625e+01 9.999912356241681399e-01
3.182000000000000739e+01 9.999914565748193596e-01
3.210000000000000853e+01 9.999914933999278777e-01
3.238000000000000966e+01 9.999916407003620611e-01
3.266000000000001080e+01 9.999917143505790973e-01
3.294000000000001194e+01 9.999918984761217988e-01
3.322000000000001307e+01 9.999918984761217988e-01
3.350000000000000711e+01 9.999919353012303169e-01
3.378000000000000114e+01 9.999919721263388350e-01
3.406000000000000227e+01 9.999920826016645004e-01
3.434000000000000341e+01 9.999921194267730185e-01
3.462000000000000455e+01 9.999921930769900547e-01
3.490000000000000568e+01 9.999922667272070909e-01
3.518000000000000682e+01 9.999923403774242381e-01
3.546000000000000796e+01 9.999923772025327562e-01
3.574000000000000909e+01 9.999924140276412743e-01
3.602000000000001023e+01 9.999924140276412743e-01
3.630000000000001137e+01 9.999924140276412743e-01
3.658000000000001251e+01 9.999924876778584215e-01
3.686000000000001364e+01 9.999925245029669396e-01
3.714000000000000767e+01 9.999925981531839758e-01
3.742000000000000171e+01 9.999926349782924939e-01
3.770000000000000284e+01 9.999927086285096411e-01
3.798000000000000398e+01 9.999927454536181592e-01
3.826000000000000512e+01 9.999927454536181592e-01
3.854000000000000625e+01 9.999928191038351954e-01
3.882000000000000739e+01 9.999928559289437136e-01
3.910000000000000853e+01 9.999928559289437136e-01
3.938000000000000966e+01 9.999928927540522317e-01
3.966000000000001080e+01 9.999930768795949332e-01
3.994000000000001194e+01 9.999931137047034513e-01
4.022000000000001307e+01 9.999931505298120804e-01
4.050000000000001421e+01 9.999932241800291166e-01
4.078000000000000824e+01 9.999932610051376347e-01
4.106000000000000227e+01 9.999933346553547819e-01
4.134000000000000341e+01 9.999933346553547819e-01
4.162000000000000455e+01 9.999933346553547819e-01
4.190000000000000568e+01 9.999933346553547819e-01
4.218000000000000682e+01 9.999934451306803362e-01
4.246000000000000796e+01 9.999934451306803362e-01
4.274000000000000909e+01 9.999934819557888543e-01
4.302000000000001023e+01 9.999935556060060016e-01
4.330000000000001137e+01 9.999937029064400740e-01
4.358000000000001251e+01 9.999938133817657393e-01
4.386000000000001364e+01 9.999938133817657393e-01
4.414000000000000767e+01 9.999938502068742574e-01
4.442000000000000171e+01 9.999938870319827755e-01
4.470000000000000284e+01 9.999939606821998117e-01
4.498000000000000398e+01 9.999941079826339951e-01
4.526000000000000512e+01 9.999941448077425132e-01
4.554000000000000625e+01 9.999941816328511424e-01
4.582000000000000739e+01 9.999942552830681786e-01
4.610000000000000853e+01 9.999942921081766967e-01
4.638000000000000966e+01 9.999943657583937329e-01
4.666000000000001080e+01 9.999943657583937329e-01
4.694000000000001194e+01 9.999944394086108801e-01
4.722000000000001307e+01 9.999944762337193982e-01
4.750000000000001421e+01 9.999944762337193982e-01
4.778000000000000824e+01 9.999946235341535816e-01
4.806000000000000227e+01 9.999946603592620997e-01
4.834000000000000341e+01 9.999946603592620997e-01
4.862000000000000455e+01 9.999946603592620997e-01
4.890000000000000568e+01 9.999946603592620997e-01
4.918000000000000682e+01 9.999946971843706178e-01
4.946000000000000796e+01 9.999946971843706178e-01
4.974000000000000909e+01 9.999947340094791359e-01
5.002000000000001023e+01 9.999947340094791359e-01
5.030000000000001137e+01 9.999947708345876540e-01
5.058000000000001251e+01 9.999947708345876540e-01
5.086000000000001364e+01 9.999948076596961721e-01
5.114000000000001478e+01 9.999948444848048013e-01
5.142000000000000881e+01 9.999948444848048013e-01
5.170000000000000284e+01 9.999949181350218375e-01
5.198000000000000398e+01 9.999949181350218375e-01
5.226000000000000512e+01 9.999949917852388737e-01
5.254000000000000625e+01 9.999950654354560209e-01
5.282000000000000739e+01 9.999951390856730571e-01
5.310000000000000853e+01 9.999951759107815752e-01
5.338000000000000966e+01 9.999952495609987224e-01
5.366000000000001080e+01 9.999953232112157586e-01
5.394000000000001194e+01 9.999953600363242767e-01
5.422000000000001307e+01 9.999953600363242767e-01
5.450000000000001421e+01 9.999953968614327948e-01
5.478000000000001535e+01 9.999953968614327948e-01
5.506000000000000938e+01 9.999954336865413129e-01
5.534000000000000341e+01 9.999954705116499420e-01
5.562000000000000455e+01 9.999955441618669782e-01
5.590000000000000568e+01 9.999955809869754964e-01
5.618000000000000682e+01 9.999956546371925326e-01
5.646000000000000796e+01 9.999957282874096798e-01
5.674000000000000909e+01 9.999958019376267160e-01
5.702000000000001023e+01 9.999958019376267160e-01
5.730000000000001137e+01 9.999958019376267160e-01
5.758000000000001251e+01 9.999958755878438632e-01
5.786000000000001364e+01 9.999959492380608994e-01
5.814000000000001478e+01 9.999959492380608994e-01
5.842000000000000881e+01 9.999960597133864537e-01
5.870000000000000284e+01 9.999961333636036009e-01
5.898000000000000398e+01 9.999962070138206371e-01
5.926000000000000512e+01 9.999962806640376733e-01
5.954000000000000625e+01 9.999963543142548206e-01
5.982000000000000739e+01 9.999963543142548206e-01
6.010000000000000853e+01 9.999965016146888930e-01
6.038000000000000966e+01 9.999965384397975221e-01
6.066000000000001080e+01 9.999965752649060402e-01
6.094000000000001194e+01 9.999966120900145583e-01
6.122000000000001307e+01 9.999967225653402236e-01
6.150000000000001421e+01 9.999968330406657779e-01
6.178000000000001535e+01 9.999968698657742960e-01
6.206000000000000938e+01 9.999968698657742960e-01
6.234000000000000341e+01 9.999968698657742960e-01
6.262000000000000455e+01 9.999969435159914433e-01
6.290000000000000568e+01 9.999969803410999614e-01
6.318000000000000682e+01 9.999970539913169976e-01
6.346000000000000796e+01 9.999970539913169976e-01
6.374000000000000909e+01 9.999971276415340338e-01
6.402000000000001023e+01 9.999971276415340338e-01
6.430000000000001137e+01 9.999971644666426629e-01
6.458000000000001251e+01 9.999971644666426629e-01
6.486000000000001364e+01 9.999972012917511810e-01
6.514000000000001478e+01 9.999972381168596991e-01
6.542000000000001592e+01 9.999972381168596991e-01
6.570000000000001705e+01 9.999973485921852534e-01
6.598000000000000398e+01 9.999973854172938825e-01
6.626000000000000512e+01 9.999974222424024006e-01
6.654000000000000625e+01 9.999974590675109187e-01
6.682000000000000739e+01 9.999974590675109187e-01
6.710000000000000853e+01 9.999975327177279549e-01
6.738000000000000966e+01 9.999975695428365841e-01
6.766000000000001080e+01 9.999976063679451022e-01
6.794000000000001194e+01 9.999976800181621384e-01
6.822000000000001307e+01 9.999977536683791746e-01
6.850000000000001421e+01 9.999977536683791746e-01
6.878000000000001535e+01 9.999977904934878037e-01
6.906000000000001648e+01 9.999977904934878037e-01
6.934000000000000341e+01 9.999977904934878037e-01
6.962000000000000455e+01 9.999977904934878037e-01
6.990000000000000568e+01 9.999977904934878037e-01
7.018000000000000682e+01 9.999977904934878037e-01
7.046000000000000796e+01 9.999978273185963218e-01
7.074000000000000909e+01 9.999979009688133580e-01
7.102000000000001023e+01 9.999979009688133580e-01
7.130000000000001137e+01 9.999979009688133580e-01
7.158000000000001251e+01 9.999979009688133580e-01
7.186000000000001364e+01 9.999979009688133580e-01
7.214000000000001478e+01 9.999979009688133580e-01
7.242000000000001592e+01 9.999979377939218761e-01
7.270000000000001705e+01 9.999979377939218761e-01
7.298000000000001819e+01 9.999979746190303942e-01
7.326000000000000512e+01 9.999979746190303942e-01
7.354000000000000625e+01 9.999979746190303942e-01
7.382000000000000739e+01 9.999979746190303942e-01
7.410000000000000853e+01 9.999979746190303942e-01
7.438000000000000966e+01 9.999979746190303942e-01
7.466000000000001080e+01 9.999979746190303942e-01
7.494000000000001194e+01 9.999979746190303942e-01
7.522000000000001307e+01 9.999979746190303942e-01
7.550000000000001421e+01 9.999979746190303942e-01
7.578000000000001535e+01 9.999979746190303942e-01
7.606000000000001648e+01 9.999980114441390233e-01
7.634000000000001762e+01 9.999980482692475414e-01
7.662000000000000455e+01 9.999980482692475414e-01
7.690000000000000568e+01 9.999980482692475414e-01
7.718000000000000682e+01 9.999980482692475414e-01
7.746000000000000796e+01 9.999980482692475414e-01
7.774000000000000909e+01 9.999980850943560595e-01
7.802000000000001023e+01 9.999980850943560595e-01
7.830000000000001137e+01 9.999980850943560595e-01
7.858000000000001251e+01 9.999981219194645776e-01
7.886000000000001364e+01 9.999981219194645776e-01
7.914000000000001478e+01 9.999981219194645776e-01
7.942000000000001592e+01 9.999981587445730957e-01
7.970000000000001705e+01 9.999981587445730957e-01
7.998000000000001819e+01 9.999981587445730957e-01
8.026000000000000512e+01 9.999981955696816138e-01
8.054000000000000625e+01 9.999982323947902429e-01
8.082000000000000739e+01 9.999982323947902429e-01
8.110000000000000853e+01 9.999982692198987611e-01
8.138000000000000966e+01 9.999982692198987611e-01
8.166000000000001080e+01 9.999983060450072792e-01
8.194000000000001194e+01 9.999983428701157973e-01
8.222000000000001307e+01 9.999983796952243154e-01
8.250000000000001421e+01 9.999983796952243154e-01
8.278000000000001535e+01 9.999984533454414626e-01
8.306000000000001648e+01 9.999985269956584988e-01
8.334000000000001762e+01 9.999985269956584988e-01
8.362000000000000455e+01 9.999985269956584988e-01
8.390000000000000568e+01 9.999985638207670169e-01
8.418000000000000682e+01 9.999985638207670169e-01
8.446000000000000796e+01 9.999985638207670169e-01
8.474000000000000909e+01 9.999985638207670169e-01
8.502000000000001023e+01 9.999986006458755350e-01
8.530000000000001137e+01 9.999986006458755350e-01
8.558000000000001251e+01 9.999986006458755350e-01
8.586000000000001364e+01 9.999987111212012003e-01
8.614000000000001478e+01 9.999987111212012003e-01
8.642000000000001592e+01 9.999987479463097184e-01
8.670000000000001705e+01 9.999987847714182365e-01
8.698000000000001819e+01 9.999988215965267546e-01
8.726000000000001933e+01 9.999988584216353837e-01
8.754000000000000625e+01 9.999988952467439018e-01
8.782000000000000739e+01 9.999988952467439018e-01
8.810000000000000853e+01 9.999988952467439018e-01
8.838000000000000966e+01 9.999988952467439018e-01
8.866000000000001080e+01 9.999989320718524199e-01
8.894000000000001194e+01 9.999989688969609380e-01
8.922000000000001307e+01 9.999989688969609380e-01
8.950000000000001421e+01 9.999989688969609380e-01
8.978000000000001535e+01 9.999990425471779742e-01
9.006000000000001648e+01 9.999990425471779742e-01
9.034000000000001762e+01 9.999990793722866034e-01
9.062000000000001876e+01 9.999991530225036396e-01
9.090000000000001990e+01 9.999991898476121577e-01
9.118000000000002103e+01 9.999992266727206758e-01
9.146000000000002217e+01 9.999993003229378230e-01
9.174000000000002331e+01 9.999994107982633773e-01
9.202000000000002444e+01 9.999994476233718954e-01
9.230000000000002558e+01 9.999994476233718954e-01
9.258000000000001251e+01 9.999994844484805245e-01
9.285999999999999943e+01 9.999995212735890426e-01
9.314000000000000057e+01 9.999995212735890426e-01
9.342000000000000171e+01 9.999995212735890426e-01
9.370000000000000284e+01 9.999995212735890426e-01
9.398000000000000398e+01 9.999995212735890426e-01
9.426000000000000512e+01 9.999995212735890426e-01
9.454000000000000625e+01 9.999995212735890426e-01
9.482000000000000739e+01 9.999995212735890426e-01
9.510000000000000853e+01 9.999995580986975607e-01
9.538000000000000966e+01 9.999995580986975607e-01
9.566000000000001080e+01 9.999995580986975607e-01
9.594000000000001194e+01 9.999996317489145969e-01
9.622000000000001307e+01 9.999996317489145969e-01
9.650000000000001421e+01 9.999997053991317442e-01
9.678000000000001535e+01 9.999997422242402623e-01
9.706000000000001648e+01 9.999997422242402623e-01
9.734000000000001762e+01 9.999997790493487804e-01
9.762000000000001876e+01 9.999998158744572985e-01
9.790000000000001990e+01 9.999998158744572985e-01
9.818000000000002103e+01 9.999998895246743347e-01
9.846000000000002217e+01 9.999999631748914819e-01
9.874000000000002331e+01 9.999999631748914819e-01
9.902000000000002444e+01 9.999999631748914819e-01
9.930000000000002558e+01 1.000000000000000000e+00
9.958000000000002672e+01 1.000000000000000000e+00
9.986000000000001364e+01 1.000000000000000000e+00
