1 -2.94 0.12
1 -2.82 0.12
1 -2.7 0.12
1 -2.58 0.12
1 -2.46 0.12
1 -2.34 0.12
1 -2.22 0.12
1 -2.1 0.12
1 -1.98 0.12
1 -1.86 0.12
1 -1.74 0.12
1 -1.62 0.12
1 -1.5 0.12
1 -1.38 0.12
1 -1.26 0.12
1 -1.14 0.12
0.867321 -1.02 0.12
0.769721 -0.9 0.12
0.645822 -0.78 0.12
0.49517 -0.66 0.12
0.341973 -0.54 0.12
0.207541 -0.42 0.12
0.11046 -0.3 0.12
0.0512272 -0.18 0.12
0.02117 -0.06 0.12
0.00811395 0.06 0.12
0.00296981 0.18 0.12
0.00107463 0.3 0.12
0.000383778 0.42 0.12
0.000148556 0.54 0.12
6.47096e-05 0.66 0.12
2.95956e-05 0.78 0.12
1.50834e-05 0.9 0.12
8.15298e-06 1.02 0.12
4.68517e-06 1.14 0.12
2.49942e-06 1.26 0.12
1.32205e-06 1.38 0.12
6.60029e-07 1.5 0.12
3.30099e-07 1.62 0.12
2.13774e-07 1.74 0.12
1.64459e-07 1.86 0.12
5.03955e-08 1.98 0.12
4.19094e-09 2.1 0.12
4.61414e-10 2.22 0.12
-0 2.34 0.12
-0 2.46 0.12
0 2.58 0.12
0 2.7 0.12
-0 2.82 0.12
0 2.94 0.12
